"","nterm","cterm","AAseq","prob"
"1","TDIEHRA","LCYSETHPC","TDIEHRASLCYSETHPC","0.0720082593380257"
"2","NGELEKHL","LCWSDSKP","NGELEKHLSLCWSDSKP","0.0394155838571177"
"3","DFRL","AMVRKTK","DFRLSAMVRKTK","0.03349336419065"
"4","DVEYRM","AAMMESRAC","DVEYRMSAAMMESRAC","0.024152563338201"
"5","AYHI","AIYMESHP","AYHISAIYMESHP","0.0194381970269577"
"6","ALWLL","IMIRETHAA","ALWLLSIMIRETHAA","0.017173059173272"
"7","CTERRM","MCFSR","CTERRMSMCFSR","0.0155740668676465"
"8","CFEDDEPKM","IDWIETKNC","CFEDDEPKMSIDWIETKNC","0.0132413043575523"
"9","EDEWQV","LCYTDTK","EDEWQVSLCYTDTK","0.0131269861618563"
"10","ESDEDHRV","ACYK","ESDEDHRVSACYK","0.011504494465855"
"11","FSDIAGMM","IIILENRAK","FSDIAGMMSIIILENRAK","0.00964840570922169"
"12","FDEEEPKV","LIQMHS","FDEEEPKVSLIQMHS","0.00902659102352034"
"13","DDQPLA","REWVDSHA","DDQPLASREWVDSHA","0.00852153295404109"
"14","DLFQA","IAYAESRC","DLFQASIAYAESRC","0.00784487654016083"
"15","WDEACFID","AIYHHIAM","WDEACFIDSAIYHHIAM","0.00783872256862027"
"16","CDDEKIV","KDWA","CDDEKIVSKDWA","0.00712145563811222"
"17","CVVPMM","MCYAHT","CVVPMMSMCYAHT","0.00596920192582541"
"18","SDVERHI","AVFVETELS","SDVERHISAVFVETELS","0.00562009056241221"
"19","EDKQA","KEFTDSRI","EDKQASKEFTDSRI","0.00543594076036402"
"20","CDTVVEHRM","MCFT","CDTVVEHRMSMCFT","0.00466697740785569"
"21","SYSEALWRV","VDSM","SYSEALWRVSVDSM","0.00433967876392177"
"22","SWPCEDYID","IDFRETLV","SWPCEDYIDSIDFRETLV","0.00425709588298"
"23","SWPDCLHVA","IEWGEL","SWPDCLHVASIEWGEL","0.00390308797692737"
"24","CPAI","IAMSESH","CPAISIAMSESH","0.00364371145836929"
"25","DKRL","AEWR","DKRLSAEWR","0.00342572052492204"
"26","DADFMA","MCSLHVVLT","DADFMASMCSLHVVLT","0.00300349264293912"
"27","SQACDDHVD","VELADYR","SQACDDHVDSVELADYR","0.00255642961098563"
"28","ELWRE","VDLVQTKIV","ELWRESVDLVQTKIV","0.00251714537275651"
"29","DDCMGQE","VMTKESH","DDCMGQESVMTKESH","0.00243751970407809"
"30","CYGELEPVI","MDVKDSQ","CYGELEPVISMDVKDSQ","0.00231385486999379"
"31","TEGML","ACFTNSMAC","TEGMLSACFTNSMAC","0.00223294534956471"
"32","MNPRV","MEFVLYN","MNPRVSMEFVLYN","0.00209822809382798"
"33","MEPME","ACYAR","MEPMESACYAR","0.00208983413734744"
"34","DTMC","KIWTDLN","DTMCSKIWTDLN","0.00193591158971321"
"35","DEVHIA","HRTLWARW","DEVHIASHRTLWARW","0.00190992548672323"
"36","TLIDKNI","LCFTD","TLIDKNISLCFTD","0.00182086403534794"
"37","AWHV","VALIRE","AWHVSVALIRE","0.00170444350751102"
"38","SSILKLD","KMIT","SSILKLDSKMIT","0.00165218948946835"
"39","GFTEAMPHV","VEYV","GFTEAMPHVSVEYV","0.0015427653421582"
"40","CHRI","IDFV","CHRISIDFV","0.00148336581613866"
"41","CQQRDI","IMWSDT","CQQRDISIMWSDT","0.00143066408348641"
"42","GDEQRSM","ADYL","GDEQRSMSADYL","0.00138269996294156"
"43","QGQW","AVYVETRM","QGQWSAVYVETRM","0.00138237669019763"
"44","SWSCEVGMD","HASA","SWSCEVGMDSHASA","0.00130223853330445"
"45","EDGKL","VCSAVLM","EDGKLSVCSAVLM","0.0012038885564267"
"46","DEDDPME","AEFIK","DEDDPMESAEFIK","0.0011551794290541"
"47","SDEVWAM","RDFMDEVYC","SDEVWAMSRDFMDEVYC","0.00112370358297128"
"48","LHAL","LEFA","LHALSLEFA","0.000981095611464754"
"49","RWTILDRLL","IEFIE","RWTILDRLLSIEFIE","0.000917680810402515"
"50","IITHL","LDTIEIK","IITHLSLDTIEIK","0.000911913722571041"
"51","HMMGMM","MVFLVS","HMMGMMSMVFLVS","0.000895823134147458"
"52","TWCEEMHLM","VYLM","TWCEEMHLMSVYLM","0.000889274705635409"
"53","ALGLM","ADWRESA","ALGLMSADWRESA","0.000876158745009688"
"54","AVPVV","MEYLFTMLQ","AVPVVSMEYLFTMLQ","0.000785946750841578"
"55","DMDWAD","MEWMAI","DMDWADSMEWMAI","0.000754461689526399"
"56","TYIEEDHEM","ADMIDAV","TYIEEDHEMSADMIDAV","0.000752499219042093"
"57","DNGMM","HDVMKEQIT","DNGMMSHDVMKEQIT","0.000699963742140949"
"58","KEIIGME","HDQAETNLC","KEIIGMESHDQAETNLC","0.000613837271829449"
"59","EWVE","ADSKK","EWVESADSKK","0.000610076814456735"
"60","DFTA","HDQFD","DFTASHDQFD","0.000606002855309499"
"61","VPLD","LDSAATRMQ","VPLDSLDSAATRMQ","0.000582856918907071"
"62","EQPHD","ALTRD","EQPHDSALTRD","0.000528135244754697"
"63","YGDEIPAE","LDFLE","YGDEIPAESLDFLE","0.000514482301819738"
"64","DKAC","EAAMESAI","DKACSEAAMESAI","0.000501763139429738"
"65","FYDEDMPNI","HDVHESNI","FYDEDMPNISHDVHESNI","0.000441868423659625"
"66","VDGII","VDTAKM","VDGIISVDTAKM","0.000439651196450957"
"67","DEGLV","ADTVHLMMC","DEGLVSADTVHLMMC","0.00043220319226267"
"68","EEIGDA","MEFME","EEIGDASMEFME","0.000417488002279769"
"69","SELPMD","VLFMDTMAN","SELPMDSVLFMDTMAN","0.00041677394503317"
"70","EDGAE","KEWLE","EDGAESKEWLE","0.000381738019509376"
"71","TERNL","CCWT","TERNLSCCWT","0.000361248754636865"
"72","RVDDIGID","IEILIQKGM","RVDDIGIDSIEILIQKGM","0.000359162439392624"
"73","LGVV","VDILETIAN","LGVVSVDILETIAN","0.000351151291638853"
"74","LLGVD","MDYTETAV","LLGVDSMDYTETAV","0.000338042603346284"
"75","SWCLSKGAE","MDFKDALAR","SWCLSKGAESMDFKDALAR","0.000332526388435269"
"76","FWESDVGRD","ICSTE","FWESDVGRDSICSTE","0.000327285806986479"
"77","IVVWEV","VEQPDSNAS","IVVWEVSVEQPDSNAS","0.000312650388139566"
"78","DARVL","LESLEALC","DARVLSLESLEALC","0.000309917097447931"
"79","VDEQGMD","RDTRMTE","VDEQGMDSRDTRMTE","0.000294442272203883"
"80","ADEEAMPAV","KEFMESM","ADEEAMPAVSKEFMESM","0.000273561837557905"
"81","DDEAGED","LMVSDAICF","DDEAGEDSLMVSDAICF","0.000226673695143494"
"82","VLAGAI","RESP","VLAGAISRESP","0.000184718708303313"
"83","AGTL","MEVIDS","AGTLSMEVIDS","0.000163127963750158"
"84","IPND","VVGCDTHLV","IPNDSVVGCDTHLV","0.000153436998614357"
"85","DDIQID","KKWVETL","DDIQIDSKKWVETL","0.000141014421367186"
"86","DAGID","IDSLHIQ","DAGIDSIDSLHIQ","0.000137329166554987"
"87","SYTYDNFAD","IETMEI","SYTYDNFADSIETMEI","0.000136035614039163"
"88","EVLWAE","VDSVDIE","EVLWAESVDSVDIE","0.000133782011015787"
"89","DWMD","LDTL","DWMDSLDTL","0.000128035614733229"
"90","LVGME","KPFMA","LVGMESKPFMA","0.000120205906994063"
"91","ERREL","MDSYDKMMT","ERRELSMDSYDKMMT","9.21519164018826e-05"
"92","AEDFKN","AEIAD","AEDFKNSAEIAD","9.1122600382025e-05"
"93","KGLV","VDAMDS","KGLVSVDAMDS","8.99224192123889e-05"
"94","CFNDECPME","KDHT","CFNDECPMESKDHT","8.61334492381404e-05"
"95","HEDAGVD","AESACEQ","HEDAGVDSAESACEQ","8.37774425932268e-05"
"96","GPVD","LVYIEVL","GPVDSLVYIEVL","8.37702968553609e-05"
"97","QFTEAMPVD","ADTVEAIC","QFTEAMPVDSADTVEAIC","7.30037010023124e-05"
"98","DGVC","LQSIE","DGVCSLQSIE","7.21818333315671e-05"
"99","VLEEPVC","LDSF","VLEEPVCSLDSF","6.5250869807249e-05"
"100","TGIDAE","REAVCEQAC","TGIDAESREAVCEQAC","5.49199635403628e-05"
"101","APAD","IEQAAYI","APADSIEQAAYI","4.82352402143204e-05"
"102","DGAD","HDEVMMAP","DGADSHDEVMMAP","4.18280996880728e-05"
"103","AGPN","VCFMEAVV","AGPNSVCFMEAVV","3.91571007903873e-05"
"104","ENID","KETIEAA","ENIDSKETIEAA","2.89573455414446e-05"
"105","LDPPMD","GEYVF","LDPPMDSGEYVF","5.09212156693617e-06"
